%YAML:1.0
---
left_camera_intrinsic: !!opencv-matrix
   rows: 3
   cols: 3
   dt: d
   data: [ 1.4019653446477671e+03, 0., 1.1502626161555283e+03, 0.,
       1.4022718259920541e+03, 5.5967443279423401e+02, 0., 0., 1. ]
left_camera_distortion: !!opencv-matrix
   rows: 1
   cols: 5
   dt: d
   data: [ -1.5757123258682071e-01, -3.1629478242449549e-02,
       1.2900969801217180e-04, 5.5369519484473875e-04,
       8.9090100658942101e-02 ]
left_camera_image_size: [ 2208, 1242 ]
left_camera_projection: !!opencv-matrix
   rows: 3
   cols: 4
   dt: d
   data: [ 1.4019653446477671e+03, 0., 1.1502626161555283e+03, 0., 0.,
       1.4022718259920541e+03, 5.5967443279423401e+02, 0., 0., 0., 1.,
       0. ]
right_camera_intrinsic: !!opencv-matrix
   rows: 3
   cols: 3
   dt: d
   data: [ 1.3977830852087784e+03, 0., 1.1204101835569506e+03, 0.,
       1.3975186505291927e+03, 6.4405280021908345e+02, 0., 0., 1. ]
right_camera_distortion: !!opencv-matrix
   rows: 1
   cols: 5
   dt: d
   data: [ -1.6118460236560508e-01, -7.9599318195583222e-03,
       -3.6613904687276448e-04, 3.7795671626108260e-04,
       3.8275737800626944e-02 ]
right_camera_image_size: [ 2208, 1242 ]
right_camera_projection: !!opencv-matrix
   rows: 3
   cols: 4
   dt: d
   data: [ 1.3867217089157275e+03, -1.1545167066927666e+00,
       1.1340714712163904e+03, -1.6716413706655207e+05,
       -1.1265227890676954e+01, 1.3940223353774427e+03,
       6.5148845819121755e+02, 1.0466504880290602e+03,
       -9.8048172960441687e-03, -5.3839543540813361e-03,
       9.9993743733960894e-01, -3.2849423864862226e-01 ]
right_cam_transform: !!opencv-matrix
   rows: 4
   cols: 4
   dt: d
   data: [ 9.9994565741462227e-01, 3.4896119655770416e-03,
       9.8236869844518793e-03, -1.1932902217901503e+02,
       -3.5422839284818511e-03, 9.9997941761010400e-01,
       5.3494467683255836e-03, 9.0032295584040833e-01,
       -9.8048172960441687e-03, -5.3839543540813361e-03,
       9.9993743733960894e-01, -3.2849423864862226e-01, 0., 0., 0., 1. ]
left_cam_transform: !!opencv-matrix
   rows: 4
   cols: 4
   dt: d
   data: [ 1., 0., 0., 0., 0., 1., 0., 0., 0., 0., 1., 0., 0., 0., 0.,
       1. ]
endeffector_to_cam_transform: !!opencv-matrix
   rows: 4
   cols: 4
   dt: d
   data: [ 9.9974620939517345e-01, -1.8995045433721314e-02,
       1.2112185969222927e-02, -5.8133499959665187e+01,
       1.8476030891676959e-02, 9.9896302228890066e-01,
       4.1611493387218354e-02, -9.4865059919826990e+01,
       -1.2890038109795349e-02, -4.1377147659010745e-02,
       9.9906044790549675e-01, 9.6120812658540345e+01, 0., 0., 0., 1. ]
essential: !!opencv-matrix
   rows: 3
   cols: 3
   dt: d
   data: [ -9.9911219516135436e-03, 3.2364017975394749e-01,
       9.0202389168443220e-01, -1.4984756480032571e+00,
       -6.4360832595478767e-01, 1.1931832961334896e+02,
       -4.7757675249713377e-01, -1.1932970788031422e+02,
       -6.4718874296607654e-01 ]
fundamental: !!opencv-matrix
   rows: 3
   cols: 3
   dt: d
   data: [ 5.7106565446156700e-10, -1.8494359055499890e-08,
       -6.2587546206926235e-05, 8.5665043354287614e-08,
       3.6785839622973378e-08, -9.6822186871839393e-03,
       -1.7657350480421321e-05, 9.5286160937930447e-03, 1. ]
