image_width: 1920
image_height: 1080
camera_name: narrow_stereo/left
camera_matrix:
  rows: 3
  cols: 3
  data: [1405.790436, 0.000000, 938.368758, 0.000000, 1406.199415, 574.596212, 0.000000, 0.000000, 1.000000]
distortion_model: plumb_bob
distortion_coefficients:
  rows: 1
  cols: 5
  data: [-0.159946, 0.014785, 0.002929, -0.001274, 0.000000]
rectification_matrix:
  rows: 3
  cols: 3
  data: [0.999958, 0.000237, -0.009154, -0.000191, 0.999988, 0.004976, 0.009156, -0.004975, 0.999946]
projection_matrix:
  rows: 3
  cols: 4
  data: [1427.632005, 0.000000, 946.344406, 0.000000, 0.000000, 1427.632005, 594.110683, 0.000000, 0.000000, 0.000000, 1.000000, 0.000000]
