# oST version 5.0 parameters


[image]

width
1920

height
1080

[narrow_stereo/left]

camera matrix
1405.790436 0.000000 938.368758
0.000000 1406.199415 574.596212
0.000000 0.000000 1.000000

distortion
-0.159946 0.014785 0.002929 -0.001274 0.000000

rectification
0.999958 0.000237 -0.009154
-0.000191 0.999988 0.004976
0.009156 -0.004975 0.999946

projection
1427.632005 0.000000 946.344406 0.000000
0.000000 1427.632005 594.110683 0.000000
0.000000 0.000000 1.000000 0.000000

# oST version 5.0 parameters


[image]

width
1920

height
1080

[narrow_stereo/right]

camera matrix
1410.219287 0.000000 931.065270
0.000000 1408.386224 597.646717
0.000000 0.000000 1.000000

distortion
-0.172713 0.025363 0.000865 -0.000585 0.000000

rectification
0.999924 -0.000880 -0.012312
0.000819 0.999987 -0.004981
0.012317 0.004970 0.999912

projection
1427.632005 0.000000 946.344406 -114567.041959
0.000000 1427.632005 594.110683 0.000000
0.000000 0.000000 1.000000 0.000000

