image_width: 1920
image_height: 1080
camera_name: narrow_stereo/right
camera_matrix:
  rows: 3
  cols: 3
  data: [1410.219287, 0.000000, 931.065270, 0.000000, 1408.386224, 597.646717, 0.000000, 0.000000, 1.000000]
distortion_model: plumb_bob
distortion_coefficients:
  rows: 1
  cols: 5
  data: [-0.172713, 0.025363, 0.000865, -0.000585, 0.000000]
rectification_matrix:
  rows: 3
  cols: 3
  data: [0.999924, -0.000880, -0.012312, 0.000819, 0.999987, -0.004981, 0.012317, 0.004970, 0.999912]
projection_matrix:
  rows: 3
  cols: 4
  data: [1427.632005, 0.000000, 946.344406, -114567.041959, 0.000000, 1427.632005, 594.110683, 0.000000, 0.000000, 0.000000, 1.000000, 0.000000]
