image_width: 2208
image_height: 1242
camera_name: narrow_stereo/right
camera_matrix:
  rows: 3
  cols: 3
  data: [1395.0427725909017, 0, 1065.3453232201614, 0, 1393.9191585585920, 681.76116308075120, 0, 0, 1]
distortion_model: plumb_bob
distortion_coefficients:
  rows: 1
  cols: 5
  data: [-0.15815821923496060, -0.023252410765977595, -0.00088122276582216434, -0.00048619722968107478, 0.047581138754438562]
rectification_matrix:
  rows: 3
  cols: 3
  data: [0.99985594561053415, 0.0022064006648113573, 0.016829136144518399, -0.0022230836705065750, 0.99999705589818755, 0.00097267360974158759, -0.016826940490128992, -0.0010099460695902113, 0.99985790694612109]
projection_matrix:
  rows: 3
  cols: 4
  data: [1376.915308200754, 2.002081978942329, 1088.671309797108, -169123.8601871156, -14.5707534390388, 1393.226512711618, 683.0201179347162, -157.3182194049588, -0.01682694049012899, -0.001009946069590211, 0.9998579069461211, -1.584014773188137]
